value
100009
100016
100031
100043
100044
100045
100046
100047
100061
100062
100068
100079
100080
100081
100082
100083
100093
100094
100110
100115
100117
100118
100120
100136
100137
100138
100147
100157
100190
100191
100192
100193
100195
100196
100228
100258
100259
100260
100261
100262
100275
100276
100318
100319
100320
100333
100335
100337
100340
100343
100357
100358
100364
100365
100366
100367
100368
100369
100370
100371
100372
100373
100374
100375
100376
100377
100378
100379
100380
100381
100382
100383
100384
100385
100386
100387
100388
100389
100390
100391
100392
100393
100394
100395
100396
100397
100398
100401
100404
100405
100406
100407
100408
100410
100411
100412
100413
100414
100418
100420
100421
100422
100423
100424
100425
100426
100427
100428
100430
100431
100432
100433
100434
100435
100436
100437
100440
100441
100442
100443
100444
100445
100446
100447
100448
100449
100450
100451
100452
100453
100454
100455
100456
100458
100459
100460
100461
100462
100463
100464
100465
100466
100467
100468
100469
100470
100471
100472
100473
100501
100504
100505
100507
100508
100509
100511
100512
100513
100515
100516
100517
100518
100519
100520
100521
100522
100523
100524
100525
100527
100528
100529
100530
100531
100535
100538
100539
100540
100541
100542
100543
100544
100546
100547
100548
100549
100551
100552
100553
100554
100556
100557
100559
100561
100562
100563
100564
100565
100566
100569
100571
100572
100574
100575
100576
100579
100580
100581
100608
100609
100610
100611
100612
100613
100614
100615
100616
100617
100619
100620
100621
100622
100623
100624
100625
100627
100629
100630
100632
100633
100634
100637
100638
100639
100640
100641
100642
100644
100645
100646
100647
100648
100649
100650
100651
100652
100654
100655
100656
100657
100658
100661
100664
100665
100669
100671
100674
100675
100676
100677
100680
100681
100682
100684
100685
100686
100687
100689
100690
100691
100693
100694
100697
100700
100702
1007025
100703
100706
100715
100717
100719
100721
100722
100723
100725
100726
100732
100749
100753
100754
100755
100756
100779
100791
100801
100818
100830
100831
100832
100833
100834
100835
100836
100837
100838
100839
100840
100841
100842
100843
100844
100845
100846
100847
100848
100849
100850
100851
100852
100853
100854
100855
100858
100859
100860
100861
100862
100863
100864
100866
100867
100870
100871
100872
100873
100874
100875
100876
100877
100878
100879
100880
100881
100882
100883
100884
100885
100886
100887
100888
100889
100890
100893
100908
100909
100910
100911
100912
100913
100918
100920
100921
100922
100923
100924
100926
100927
100931
100932
100933
100934
100935
100940
100988
100989
100999
101020
101074
101075
101077
101085
101091
101118
101119
101132
101133
101134
101135
101136
101137
101138
10142
10148
102
10232
10235
10243
10251
10252
10253
10262
10263
10264
10265
10279
10281
10360
10388
10407
1041
10412
10413
10414
10415
10416
10417
10465
10751
10789
10790
10791
10792
10793
10794
10795
10796
10797
10798
10799
10800
10801
1120
11323
11352
11361
11436
11504
11516
11601
11904
11905
11906
11907
11909
1191
11910
11911
11914
11915
11952
11953
11954
12035
12040
12112
1214
12142
1215
12159
12231
12249
12274
12275
12276
12279
12282
12284
12288
12289
12292
12293
12294
12295
12296
12297
12298
12301
12325
12418
12456
1255
1256
12681
12682
12683
12684
12712
1276
12767
12853
12854
12855
12926
13063
13138
13143
13201
13203
13270
13337
13339
13411
13452
1361
1362
1364
1365
1367
1368
1369
13699
1370
1371
13718
1372
1373
13730
1375
1377
1378
13794
13795
13796
13797
13799
13800
13822
13823
13824
13827
13828
13829
13830
13831
13874
13891
14173
14200
14297
14390
14399
14406
14411
14412
14413
14437
14460
1449
1450
1451
1452
1453
1454
1455
1456
1457
1458
1459
1460
1461
1462
14743
14745
14749
14751
14832
14834
14835
14836
14838
14852
14857
14997
14998
14999
15038
15083
15116
15118
15137
15204
1527
1529
1530
1531
1533
1536
1537
1539
1540
1543
1544
1545
1547
1548
1549
1550
1551
1553
1554
1555
1556
1557
1559
1560
1561
1563
1564
1565
1566
1567
1568
1569
1570
1571
1572
1573
1574
1575
1576
1577
1578
1579
158
1580
1582
1583
1585
1586
1587
1588
1589
159
1591
1592
1593
1594
1595
1596
1598
1599
160
1600
1601
1602
1603
1604
1608
1611
1613
1614
1615
16151
16152
16156
16157
16158
16159
16160
16161
16162
16163
16165
16166
16167
16168
1617
16173
16174
16175
16176
16177
16178
16179
1618
16180
16181
16182
16183
16184
16187
16189
1619
16190
16191
16192
16193
16194
16195
16196
16198
16199
16200
16202
16204
16205
16206
16207
1621
16210
16211
16213
16215
16216
16217
16218
16219
1622
16222
16223
16233
16234
16235
16236
1624
1625
1629
1630
1631
16338
16339
1634
16340
16341
16342
16343
16344
16345
1636
16361
16362
16363
16364
16366
16367
16368
16369
1637
16370
16371
16372
16373
16375
16376
16377
16379
16380
16384
16386
16387
1642
1643
1644
1645
1646
1647
1648
1649
1651
1652
1654
1656
1657
1658
1659
1660
1661
1663
1664
1666
1669
1671
1672
1675
1677
16807
16809
1681
16810
16811
16812
16813
16814
16815
16816
16817
16818
16819
16820
16821
16822
16823
16824
16825
16826
16827
16828
16829
16830
16833
16834
16835
16836
16838
16839
16840
16841
16842
16843
16844
16845
16847
16848
16849
16850
16851
16852
16862
16863
16868
16869
1687
16870
16871
16872
16873
16874
1688
1689
1691
1692
1693
1694
1698
1699
1700
17001
17002
17004
1701
1702
1703
1704
1705
1706
17061
17064
1707
1708
1709
17099
1710
17100
17105
1712
1714
1716
1717
1718
1719
1720
1721
1723
17232
17233
1724
1725
17255
17257
1727
1728
1729
1730
1731
1732
1734
1735
1736
1737
1738
1739
1740
1743
1744
17447
1745
1750
1751
17512
17513
17514
17515
1752
17526
1753
17538
1754
17544
17574
1758
1759
1761
17619
1762
1763
1764
1766
1767
1768
1769
1770
1771
1772
1773
17743
17746
1775
1776
17760
1777
1778
1779
1780
1783
1790
17908
17994
18050
18052
18110
18190
18204
18239
18242
18243
18276
1828
1839
1840
18407
1842
18421
18573
18630
18820
18850
19044
19045
1919
19326
19388
19416
19417
19468
19506
19507
19508
19509
19510
19511
19513
19514
19515
19516
19517
19518
19519
19520
19521
19522
19524
19525
19526
19527
19528
19529
19530
19531
19532
19533
19534
19535
19536
19537
19539
19540
19543
19544
19546
19547
19548
19549
19551
19552
19553
19554
19555
19556
19557
19558
19559
19560
19562
19563
19564
19565
19569
19570
19571
19572
19573
19574
19575
19576
19577
19578
19579
19580
19581
19582
19583
19584
19585
19586
19587
19588
19589
19590
19591
19592
19593
19594
19595
19596
19597
19598
19599
19600
19613
19614
19615
19642
19647
19648
19686
19687
19688
19909
19911
200006
200008
200010
200012
200013
200014
200015
200016
200017
200018
200019
200020
200022
200023
200026
200028
200029
200030
200032
200033
200034
200035
200037
200038
200039
200040
200041
200042
200043
200044
200045
200046
200047
200048
200049
200051
200052
200053
200055
200056
200057
200058
200059
200060
200067
200068
200069
200070
200072
200073
200074
200076
200078
200079
200080
200081
200082
200084
200085
200086
200087
200089
200090
200092
200093
200096
200097
200098
200099
200100
200101
200102
200103
200105
200106
200107
200108
200113
200115
200116
200117
200119
200120
200121
200122
200123
200124
200125
200128
200129
200130
200131
200192
200202
200203
200204
200208
200209
200214
200216
200217
200218
200219
200220
200221
200222
200226
200229
200233
200241
200253
200280
200281
200283
200284
200285
200287
200330
200334
200340
200373
200376
200400
200404
200410
200425
200426
200429
200434
200453
200456
200457
200460
200463
200467
200470
200471
200501
200546
200562
200564
200574
200575
200577
200579
200587
200610
200611
200612
200613
200614
200659
200660
200663
20255
20256
20327
20342
20361
20369
20370
20371
20375
20376
20379
20385
20479
2060
21242
21243
21252
21253
21269
21352
21353
21356
21359
21360
21361
21362
21373
21413
21414
21415
21419
21420
21421
21422
21423
21424
21427
21480
21502
21704
21705
21706
21707
21708
21709
21710
21711
21713
21830
21833
21854
21948
21955
21960
21968
21986
21987
21988
21990
22012
22015
22016
22017
22020
22022
22026
22029
22032
22033
22034
22035
22037
22040
22041
22046
22047
22052
22055
22056
22083
22084
22088
22089
22091
22092
22094
22097
22098
22100
22104
22106
22120
22141
22142
22143
22192
22282
22283
22284
22656
22731
22751
22771
23090
23099
23101
23144
23145
23283
24901
24906
24911
24912
24914
24915
24916
24917
24919
24920
24922
24923
24924
24926
24932
24933
24942
24945
24948
24949
24960
24961
24963
24965
24966
24968
24970
24971
24973
24975
25061
25217
25639
25642
25643
25644
25646
25648
25650
25654
25655
25656
25657
25660
25661
25662
25663
25664
25714
25746
25748
25771
25772
25773
25973
26005
26060
26077
26078
26468
26469
26497
26730
26731
26732
26733
26786
26788
26789
26790
26800
26828
26829
26830
27052
27133
27168
27170
27173
27174
27177
27178
27179
27180
27181
27182
27183
27186
27187
27192
27193
27194
27196
27197
27199
27264
2732
2735
27350
2736
2738
2739
2740
2742
2770
2771
2772
2774
27802
27925
2808
282
28560
28628
288
28850
2891
2892
29137
29138
29139
29140
29142
29143
29144
29145
29239
29243
29268
29269
29270
29271
29272
29273
29274
29468
29469
29488
29725
29774
29941
300013
300014
300015
300016
300017
300018
300019
300022
300023
300024
300025
300026
300027
300028
300030
300031
300138
300147
300155
300204
300322
300327
300333
300419
300422
30044
300684
30073
300920
300921
300922
300923
300924
300925
300927
300928
300929
300930
300931
300932
300933
300934
300937
300938
300940
300941
300942
300943
300944
300945
301010
301501
301502
301503
301504
301505
301506
301507
301509
301510
301511
301512
301513
301932
301938
301939
301953
301973
302100
302107
302108
302109
302124
302131
302132
302133
302135
302136
302138
302139
30214
302140
302141
302142
302143
302144
302145
302146
302147
302149
30215
302150
302151
302152
302153
302154
302155
302156
302157
302158
302161
302162
302163
302164
302167
302168
302170
302179
30218
302184
302185
302186
302188
302189
302190
302191
302192
302193
302194
302195
302197
302199
302201
302315
302344
3027
302707
302868
302922
302923
302924
302933
302945
302960
302981
302987
303013
303019
303056
303065
303071
303083
303123
303140
303142
303145
303162
303164
303169
303185
303211
303215
303217
303218
303220
303221
303222
303223
303225
303226
303229
303232
303234
303259
303315
303316
303321
303324
303347
303349
303363
303364
303399
303400
303419
303435
303436
303461
303462
303463
303464
303465
303466
303467
303468
303488
303518
303520
303557
303558
303560
303561
303609
303643
303653
303654
303655
303657
303658
303659
303660
303661
303664
303665
303667
303668
303671
303678
303679
303692
303695
303699
303704
303705
303706
303707
303711
303720
303736
303814
303821
303829
303830
303833
303844
303854
303877
303891
303909
303910
303911
303912
303914
303915
303916
303918
303919
303924
303928
303941
304024
304030
304095
304110
304111
304117
304119
304122
304123
304124
304125
304126
304127
304128
304129
304130
304131
304132
304133
304134
304135
304136
304137
304139
304142
304143
304144
304145
304146
304147
304149
304150
304152
304153
304154
304155
304165
304166
304168
304169
304171
304174
304176
304180
304181
304182
304204
304205
304206
304209
304210
304211
304213
304215
304293
304315
304323
304368
304391
304395
304396
304397
304426
304431
304432
304434
304436
304438
304439
304441
304442
304443
304444
304446
304450
304451
304453
304456
304457
304460
304461
304465
304473
304480
304489
304490
304492
304496
304497
304503
304514
304520
304531
304532
304547
304563
304566
304567
304571
304576
304594
304595
304598
304620
30476
30482
306
30647
30648
30657
30715
30717
30718
30719
30720
30722
30724
30727
30732
30734
31003
31034
31131
31251
3128
3129
3130
31373
31382
31384
31385
31386
31388
31389
31390
31391
31395
31397
314
31403
31410
31411
31412
31413
31414
31442
31443
31444
31445
31446
31447
31448
31449
31450
31451
31452
31453
31454
31455
31456
31457
31458
31459
31460
31461
31462
31463
31464
31465
31466
31467
31468
31469
31470
31471
31472
31473
31474
31475
31476
31477
31478
31479
31480
31481
31482
31483
31484
31485
31486
31487
31488
31489
31490
31491
31492
31493
31494
31495
31496
31497
31498
31499
31500
31502
31504
31505
31506
31507
31508
31515
31516
31517
31518
31519
31520
31521
31522
31523
31524
31525
31526
31527
31528
31529
31530
31531
31532
31533
31534
31535
31537
31538
31539
31540
31541
31542
31543
31544
31591
31592
31657
31673
31674
31675
31676
31677
31679
31680
31681
31682
31683
31684
31685
31686
31687
31688
31689
31690
31691
31692
31693
31694
31695
31696
31697
31698
31699
31700
31701
31702
31703
31704
31705
31706
31707
31708
31709
31710
31711
31712
31713
31714
31715
31716
31717
31718
31720
31721
31722
31723
31724
31725
31726
31727
31728
31729
31730
31731
31732
31733
31734
31735
31736
31737
31739
31740
31741
31742
31743
31744
31745
31746
31747
31748
31749
31750
31752
31753
31754
31755
31756
31757
31758
31759
31760
31761
31764
31765
31766
31768
31770
31772
31775
31777
31779
31784
31785
31787
31792
31794
31796
31798
31799
31801
31802
31803
31804
31805
31806
31809
31810
31811
31812
31816
31880
31884
32057
32073
32133
32138
32297
32299
32327
32330
32331
32332
32333
32334
32335
32336
32337
32338
32339
32340
32341
32342
32347
32378
32379
32380
32382
3259
32596
32597
32676
32687
32697
32711
32713
32716
32717
32719
32721
32722
32734
32898
32919
3301
3302
33063
33064
33116
33203
33234
33235
33237
33238
33239
33240
33241
33243
33244
33245
33246
33249
33251
33252
33253
33254
33255
33256
33257
33258
33260
33261
33262
33263
33265
33268
33269
33275
33276
33279
33282
33283
33284
33285
33287
33290
33408
33474
33475
33476
33477
33478
3363
3364
3365
3366
33671
3380
33877
33893
33895
33900
33902
34014
34015
34016
34017
34018
34019
34020
34021
34022
34023
34024
34025
34026
34027
34028
34029
34030
34031
34032
34033
34034
34035
34036
34037
34039
34040
34041
34042
34044
34046
34047
34048
34049
34050
34051
34052
34053
34054
34055
34057
34064
34065
34066
34068
34127
34159
34245
34256
34307
34340
34341
3447
34522
34591
34643
34673
34681
34834
34835
34876
34877
34958
35
35105
35106
35107
35122
35163
35166
35167
35173
35174
3519
3521
3522
3523
3525
3527
35278
3528
35337
35369
35497
35498
35586
35587
35588
35591
35593
3561
3563
3564
3565
3566
35925
35930
36072
36113
36144
3618
36183
36186
36187
36188
36189
3619
36191
36192
36193
36194
36195
36196
36197
36198
36199
36200
36201
36202
36203
36205
36206
36207
36208
36209
36210
36211
36212
36213
36214
36216
36217
36218
36219
36220
36221
36222
36225
36226
36227
36228
36229
36230
36231
36232
36233
36234
36236
36238
36239
36251
36837
36884
37
37001
37031
37121
37133
37137
37263
37264
37265
37267
37270
37271
37272
37273
37274
37275
37276
37277
37278
37279
37280
37282
37283
37286
37287
37288
37290
37291
37292
37294
37295
37297
37298
37299
37301
37302
37303
37304
37305
37309
37310
37311
37314
37315
37316
37319
37321
37322
37325
37326
37327
37328
37329
37330
37331
37332
37333
37334
37359
37434
37458
37549
37550
37551
37663
37707
378
37890
38
38059
38084
38112
38124
38188
38189
38190
38340
38362
38363
38364
38366
38367
38369
38370
38371
38372
38373
38374
38375
38376
38378
38379
38380
38381
38382
38383
38384
38385
38386
38407
38408
38409
38483
38484
38485
38486
38488
38489
38490
38491
38492
38502
38545
38546
38547
38548
38549
38550
38551
38552
38553
38554
38556
38572
38605
38606
38667
38695
38697
38699
38700
38701
38702
38703
38707
38821
38823
38824
38825
38826
38827
38828
38829
38830
38831
38833
38834
38835
38836
38837
38838
38905
38942
39
39025
39026
39056
39108
39109
3912
39143
39144
39145
39199
39200
39201
39339
39355
39385
39387
39391
40
400005
400053
400054
400067
400069
400087
400133
400135
400145
400146
400153
400169
400170
400184
400185
400201
400273
400274
400310
400394
400405
400414
400432
400438
400469
400556
400559
400596
400649
400652
400653
400654
400655
400724
400749
400753
400754
400755
400756
400757
400758
400759
400760
400762
400763
400764
400765
400766
400767
400768
400769
400770
400771
400772
400773
400775
400776
400777
400778
400779
400780
400781
400782
400783
400784
400785
400786
400787
400788
400789
400790
400791
400792
400793
400794
400795
400796
400797
400798
400799
400800
400801
400802
400803
400804
400805
400806
400807
400808
400809
400810
400812
400813
400814
400815
400816
400817
400818
400819
400820
400821
400822
400823
400824
400825
400826
400827
400828
400829
400830
400831
400832
400833
400834
400835
400836
400837
400838
400839
400840
400841
400842
400843
400844
400845
400846
400847
400848
400849
400850
400851
400852
400853
400854
400855
400856
400857
400858
400859
400924
400941
400998
401048
401051
401052
401058
401076
401081
401082
401083
401084
401085
401086
401087
401088
401089
401090
401091
401092
401093
401094
401095
401096
401097
401098
401099
401100
401102
401103
401104
401105
401107
401108
401110
401111
401112
401113
401114
401115
401116
401117
401118
401119
401120
401121
401122
401124
401125
401126
401127
401128
401129
401130
401131
401132
401133
401134
401135
401136
401137
401138
401139
401140
401141
401142
401143
401144
401145
401146
401147
401149
401150
401151
401152
401154
401155
401156
401157
401158
401159
401160
401161
401162
401163
401164
401165
401166
401167
401169
401170
401171
401172
401212
401225
401235
401256
401288
401310
401340
401408
401417
401420
401442
401451
401455
401484
401492
401493
401494
401495
401496
401497
401510
401523
401526
401527
401528
401544
401550
401581
401608
401614
401615
401616
401656
401727
401731
401734
401794
401817
401839
401870
401879
401930
401938
401943
401960
402002
402049
402054
402065
402074
402105
402110
40354
40356
40358
40360
40361
40362
40363
40364
40368
40369
40371
40372
40373
40374
40375
40376
40377
40378
40379
40380
40381
40382
40384
40385
40387
40388
40389
40390
40391
40393
40394
40395
40396
40397
40398
40399
40400
40401
40402
40403
40404
40405
40406
40410
40411
40412
40413
40456
40457
40503
40504
40505
40614
40615
40622
40624
40626
40627
40710
40711
40712
40842
40844
40846
40881
40930
40931
40932
40934
40936
40962
41
41047
41048
41049
41050
41051
41052
41053
41054
41055
41056
41057
41059
41060
41061
41062
41063
41064
41065
41066
41067
41068
41069
41070
41114
4120
4128
41306
4131
41361
41466
41468
41478
41479
41507
41509
41510
41531
41656
41657
41673
41674
41676
41758
41844
41864
41865
41867
41868
41869
41870
41872
41873
41874
41875
41877
41878
41879
41882
41883
41884
41885
41886
41887
41890
41891
41895
41898
41928
42
42017
4212
4213
42299
42300
42302
42303
42304
42310
42391
42412
42415
42426
42635
43
43092
43170
43224
43225
43248
43256
43257
43329
43417
43480
44
44543
44544
44545
44546
44547
44548
44549
44550
44551
44552
44553
44554
44555
44556
44557
44558
44559
44561
44562
44563
44564
44565
44566
44567
44568
44569
44570
44571
44572
44573
44574
44575
44576
44577
44578
44579
44580
44581
44582
44583
44585
44586
45
45046
45047
451
45109
4523
4533
45332
45335
45339
45346
45486
45633
45661
45686
45738
45739
45746
45750
45752
45763
45783
45865
45877
46
46004
46025
46026
46027
46028
46029
46174
46217
46449
46450
46451
46452
46453
46455
46458
46459
46576
46609
46647
46778
46779
4678
46780
46781
46813
46873
46923
46926
46932
4697
46998
47
47015
4709
47128
47139
47156
47250
47251
47303
47304
4732
4736
4738
4747
4759
47618
4764
4765
4767
4768
47688
4770
4771
4775
4776
47761
4777
47809
47811
47822
47823
47830
47831
47854
47894
47895
47915
47919
47920
47921
47922
47923
47924
47925
48
4805
48129
48130
4817
4818
48187
48188
4819
4820
4821
48485
48524
48527
48631
48632
48636
48637
48641
48642
48645
48650
48652
48784
48790
48813
48815
48816
48817
48818
48819
48821
48822
48823
48825
48826
48827
48829
48832
48833
48835
48836
48838
48839
48840
48842
48843
48845
48846
48847
48850
48853
48858
48876
48878
48879
48889
48930
48951
49
49004
49024
49025
49043
49062
49163
49167
49168
49169
49170
49196
49207
49213
49220
49225
49232
49245
49247
49257
49258
49270
49275
49284
49295
49297
49298
49302
49303
49304
49306
49309
49314
49315
49317
49319
49322
49324
49330
49333
49338
49341
49351
49354
49355
49358
49375
49376
49388
49417
49418
49423
49424
49425
49426
49432
49434
49443
49457
49461
49465
49472
49480
49486
49494
49502
49510
49512
49513
49521
49523
49536
49543
49544
49549
49550
49552
49558
49560
49564
49579
49593
49595
49597
49607
49613
49614
49615
49617
49625
49631
49633
49638
49650
49659
49662
49663
49664
49668
49670
49674
49680
49697
49701
49715
49718
49719
49724
49725
49735
49752
49763
49766
49791
49795
49808
49810
49811
49824
49826
49831
49834
49835
49836
49855
49861
49885
49886
49887
49891
49896
49898
49900
49914
49919
49932
49934
49936
49938
49939
49942
49943
49952
49954
49956
49957
49961
49963
49964
49969
49975
49987
49989
49994
49996
50
500005
500006
500013
500014
50002
500104
500105
500106
500107
500108
500113
500114
500123
500126
500127
500128
500129
500130
500131
500132
500133
500134
500135
500136
500137
500138
500176
500223
500260
500261
500262
500265
500267
500272
500273
500274
500276
500277
500278
500317
500318
500319
500321
500322
500323
500325
500332
500333
500334
500336
500337
500338
500339
500340
500345
500346
500348
500349
500350
500351
500352
500353
500354
500355
500358
500359
500365
500366
500367
500368
500369
500370
500371
500372
500373
500376
500378
500379
500383
500385
500387
500396
500397
500399
500401
500402
500403
500404
500405
500406
500407
500408
500409
500410
500411
500412
500413
500414
500415
500420
500421
500422
500423
500425
500426
500427
500430
500432
500433
500434
500435
500437
500438
500439
500440
500441
500443
500444
500445
500446
500448
500449
500450
500452
500453
500455
500459
500460
500461
500462
500463
500464
500466
500467
500468
500470
500472
500473
500476
500477
500478
500479
500480
500481
500484
500486
500487
500488
500489
500490
500494
500495
500496
500498
500499
500500
500502
500504
500510
500511
500512
500513
500514
500515
500516
500517
500519
500520
500521
500522
500523
500524
500525
500526
500530
500533
500535
500536
500537
500538
500540
500541
500545
500546
500548
500563
500564
500566
500567
500568
500569
500574
500580
500581
500585
500586
500588
500589
50059
500595
500597
500598
50060
500601
500605
500607
500614
500615
500617
500618
500619
500620
500622
500623
500624
50063
500633
500637
500639
50064
500640
500641
500643
500644
500645
500646
500648
50065
500651
500652
500654
500655
500658
500659
50066
500660
500665
500666
500667
500668
50068
500682
500685
500686
50069
500690
500691
500692
500693
500694
500695
500696
50070
500700
500701
500707
500708
500709
500710
500711
500714
500715
500716
500719
50072
500720
500727
500729
500730
500731
500732
500735
500736
500737
500738
500739
50074
500740
500741
500747
500749
500752
500754
500767
500770
500771
500773
500775
500776
500781
500782
500784
500785
500786
500789
500794
500795
500796
500798
500801
500807
500808
500810
500811
500812
500813
500814
500816
500817
500818
500819
500820
500821
500824
500825
500828
500829
500830
500832
500833
500834
500835
500837
500839
500841
500842
500844
500845
500846
500848
500851
500854
500855
500856
500858
500859
500861
500862
500864
500865
500867
500868
500869
500870
500871
500872
500873
500874
500875
500878
500881
500884
500885
500886
500887
500890
500891
500893
500894
500896
500897
500899
500900
500901
500902
500903
500904
500905
500906
500908
500909
500910
500911
500912
500913
500914
500915
500916
500917
500918
500919
500920
500921
500923
500924
500925
500926
500927
500928
500929
500930
500932
500933
500934
500936
500937
500938
500940
500941
500946
500948
500949
500950
500951
500953
500954
500955
500956
500957
500965
500968
500971
500976
500977
500978
500981
500982
500984
500986
500987
500988
500989
500990
501005
501013
501015
501020
501021
501023
501024
501025
501026
501029
501030
501031
501035
501037
501040
501052
501053
501056
501057
501059
501061
501062
501067
501071
50120
50123
50124
50125
50126
50127
50128
50130
50132
50134
50137
50138
50139
50140
50141
50142
50143
50145
50146
50147
50148
50150
50151
50152
50159
50597
50605
50634
50635
50636
50637
50640
51
51006
51008
51216
51217
51221
51227
51233
51234
51235
51236
51383
51385
51386
51533
51534
51535
51536
51537
51538
51576
51577
51578
51579
51599
51600
52
52080
52093
52339
52340
52341
52451
52460
52462
52471
52505
52506
52975
52976
52981
52985
52986
52994
53
53107
53108
53248
53251
53256
53267
53268
53269
53270
53271
53272
53273
53274
53275
53279
53280
53282
53283
53287
53498
53513
53514
53515
53522
53525
53529
53669
53732
53839
53851
53862
53904
53927
54
54057
54062
54328
54412
54589
54591
54592
54599
54600
5465
5478
5479
55
56
5629
5642
5646
5647
5659
5669
5679
5680
57
5704
5708
5712
5713
5785
5787
58
5848
5896
5897
5898
5899
5900
5901
5902
5903
5904
5907
5909
5910
5912
5913
5944
5946
5947
5948
5960
5961
5962
5963
5970
60
600040
600041
600052
600063
600072
600074
600075
600076
600080
600082
600088
600103
600104
600111
600146
600167
600169
600175
600183
600190
600193
600195
600202
600203
600204
600206
600207
600209
600219
600241
600252
600255
600257
600258
600260
600276
600281
600287
600288
600292
600297
600303
600305
600308
600310
600311
600312
600313
600314
600315
600317
600318
600321
600325
600327
600328
600335
600337
600344
600346
600347
600361
600364
600365
600366
600367
600375
600377
600380
600395
600397
600401
600404
600405
600406
600408
600410
600417
600420
600421
600422
600424
600427
600432
600444
600448
600449
600458
600463
600470
600472
600473
600475
600476
600477
600478
600479
600480
600481
600482
600483
600486
600488
600489
600490
600491
600494
600496
600497
600499
600500
600501
600502
600503
600504
600507
600509
600512
600518
600519
600520
600521
600522
600526
600527
600528
600529
600531
600532
600533
600534
600535
600536
600537
600538
600539
600540
600541
600542
600543
600544
600545
600547
600548
600552
600556
600557
600559
600560
600561
600562
600565
600566
600567
600568
600569
600574
600575
600581
600584
600586
600587
600589
600600
600602
600604
600605
600607
600608
600610
600615
600616
600619
600625
600626
600627
600630
600634
600635
600643
600644
600645
600648
600650
600660
600665
600666
600667
600668
600669
600672
600673
600674
600677
600678
600679
600681
600682
600683
600685
600686
600694
600697
600698
600702
600703
600704
600705
600706
600707
600710
600711
600713
600714
600715
600716
600717
600723
600749
600750
600751
600752
600753
600754
600757
600759
600761
600763
600764
600765
600766
600767
600768
600769
600770
600771
600781
600782
600783
600784
600785
600786
600787
600788
600789
600790
600791
600792
600793
600795
600796
600797
600799
600800
600801
600802
600803
600805
600806
600807
600808
600809
600810
600812
600814
600816
600818
600819
600820
600821
600822
600826
600827
600828
600829
600830
600831
600832
600833
600834
600835
600836
600837
600844
600845
600846
600849
600850
600852
600854
600860
600862
600863
600864
600865
600866
600867
600868
600869
600870
600871
600872
600873
600875
600876
600878
600879
600880
600882
600891
600892
600894
600896
600897
600898
600902
600903
600904
600906
600909
600910
600911
600916
600920
600938
600941
600964
600965
600969
600970
600973
600977
600993
600995
600996
601038
601231
601232
601233
601271
601275
601312
601377
601383
601466
601478
601491
601556
601580
601612
601613
601628
601630
601649
601675
601703
601717
601855
602014
61
6116
6117
6135
6136
6137
62
6289
63
632
634
6349
636
6379
6386
6387
6388
64
6468
65
66
6690
67
68
69
70
700035
700086
700089
700097
700105
700162
700175
700179
700206
700212
700239
700241
700252
700308
700345
700352
700353
700361
700369
700373
700377
700382
71
710
711
72
73
736
74
7439
745
750
7520
7717
7718
7719
7720
7721
7722
7723
7724
8157
8158
8159
8160
8161
8163
8164
8165
8184
8187
8201
8202
8337
8338
8339
8340
8343
8344
8374
8380
8381
8386
8388
8393
8396
8406
8408
8459
8513
8514
8515
8516
8517
8518
8519
8520
8521
8522
8523
8524
8525
8526
8527
8528
8529
8530
8531
8532
8533
8534
8535
8536
8537
8538
8540
8542
8545
8546
8565
8621
8930
900006
900009
900013
900024
900027
900033
900034
900043
900044
900045
900046
900048
900049
900050
900051
900058
900068
900070
900077
900089
900108
900114
900115
900131
900136
900137
900141
900143
900144
900150
900208
900210
900211
900218
900219
900220
900228
900262
900273
900281
900288
900318
900331
900381
900396
900398
900451
900452
900454
900475
900476
900477
900503
900504
900505
900508
900510
900511
900525
900526
900527
900528
900531
900532
900533
900535
900537
900538
900539
900541
900544
900545
900564
900577
900601
900647
900664
900682
900683
900686
900687
900690
900691
900692
900694
900695
900696
900698
900731
900788
900794
900828
900863
900997
900998
901430
901432
901586
901626
901630
901642
901674
901677
901791
901983
901984
901985
902137
902138
902139
902140
902141
902143
902144
902145
902146
902147
902148
902149
902151
902152
902153
902214
902320
902321
902480
902481
902482
902484
902486
902511
902634
902740
902831
902832
902834
902836
903052
903227
903228
903229
903234
903237
903241
903322
903341
903342
903350
903396
903401
903405
903407
903408
903409
903441
903510
903511
903517
903519
903524
903526
903527
903538
903565
903566
903567
903568
903570
903571
903573
903602
903610
903635
903643
903651
903658
903661
903870
903874
903877
903888
903893
903915
903953
903954
903992
903995
904021
904046
904058
904059
904062
904064
904069
904076
904077
904078
904081
904087
904107
904108
904116
904134
904136
904141
904142
904144
904145
904160
904167
904169
904171
904187
904240
904268
904270
904421
904427
904435
904442
904459
904464
904490
904495
904503
904527
904533
904565
904568
904592
904593
904600
904602
904645
904677
904715
904721
904722
904726
904728
904745
904756
904759
904764
904765
904825
904834
904844
904846
904851
904852
904855
904858
904859
904865
904868
904876
904884
904885
904887
904890
904893
904900
904907
904908
904909
904910
904911
904912
904914
904915
904918
904919
904920
904925
904945
904946
904947
904949
904953
904955
904956
904957
904964
904967
904968
904972
904976
904982
904988
904991
904994
904995
904996
904999
905000
905006
905014
905015
905020
905022
905029
905074
905094
905095
905096
905097
905098
905099
905100
905101
905102
905103
905104
905105
905106
905107
905108
905109
905110
905111
905112
905113
905114
905115
905116
905117
905118
905119
905120
905121
905122
905123
905124
905125
905126
905127
905128
905129
905130
905131
905132
905133
905134
905135
905136
905137
905138
905139
905140
905141
905142
905143
905144
905145
905146
905147
905148
905149
905150
905151
905152
905153
905154
905155
905156
905157
905158
905159
905160
905161
905162
905163
905167
905168
905169
905170
905171
905172
905173
905174
905175
905176
905177
905178
905179
905180
905181
905182
905183
905184
905185
905186
905187
905188
905189
905190
905191
905192
905193
905194
905195
905196
905197
905198
905199
905200
905201
905202
905203
905204
905205
905206
905207
905208
905209
905210
905211
905212
905213
905214
905215
905216
905225
905226
905243
905257
905280
905311
905322
905331
905332
905338
905347
905348
905350
905352
905353
905354
905357
905358
905360
905362
905364
905365
905366
905369
905370
905372
905376
905377
905378
905380
905383
905384
905385
905386
905388
905391
905393
905394
905395
905404
905405
905411
905416
905417
905422
905426
905428
905433
905436
905439
905451
905472
905504
905522
905523
905529
905530
905535
905555
905558
905561
905562
905577
905580
905581
905589
905591
905593
905594
905595
905597
905598
905599
905601
905602
905603
905604
905606
905607
905608
905610
905611
905614
905615
905618
905619
905620
905621
905622
905624
905625
905626
905628
905631
905633
905634
905635
905636
905637
905638
905639
905640
905642
905644
905646
905654
905656
905657
905659
905661
905663
905664
905665
905667
905669
905671
905674
905676
905679
905682
905685
905689
905692
905694
905695
905696
905697
905701
905702
905703
905706
905712
905715
905717
905718
905720
905721
905722
905723
905725
905726
905730
905731
905732
905738
905739
905743
905747
905749
905751
905755
905756
905757
905758
905759
905761
905763
905764
905765
905767
905768
905769
905772
905773
905776
905778
905779
905783
905784
905785
905786
905788
905789
905791
905793
905801
905802
905803
905804
905805
905806
905810
905814
905815
905816
905817
905820
905821
905823
905825
905826
905827
905828
905829
905830
905831
905835
905837
905842
905843
905845
905849
905850
905854
905856
905858
905860
905861
905863
905866
905867
905868
905872
905875
905876
905877
905884
905885
905886
905887
905891
905894
905897
905909
905911
905926
905927
905945
905949
905951
905952
905953
905954
905955
905956
905961
905964
905967
905971
905973
905978
905983
905986
905988
905991
905992
905996
905998
906000
906006
906007
906009
906012
906014
906018
906022
906024
906029
906030
906032
906035
906036
906039
906042
906045
906048
906051
906056
906057
906060
906061
906062
906064
906065
906066
906070
906071
906072
906073
906079
906082
906083
906090
906091
906093
906094
906095
906098
906100
906101
906102
906103
906105
906107
906108
906110
906112
906115
906118
906120
906124
906127
906128
906132
906135
906136
906139
906142
906143
906145
906150
906151
906153
906154
906158
906159
906164
906165
906172
906173
906181
906191
906192
906194
906195
906196
906198
906200
906205
906206
906211
906213
906216
906218
906221
906223
906226
906228
906235
906238
906241
906243
906244
906249
906252
906253
906257
906260
906261
906264
906265
906266
906268
906270
906271
906275
906276
906283
906295
906296
906299
906300
906302
906303
906304
906306
906307
906311
906312
906316
906321
906322
906323
906325
906327
906328
906330
906332
906333
906334
906335
906337
906338
906342
906343
906344
906347
906349
906350
906352
906353
906356
906357
906358
906362
906366
906373
906375
906376
906379
906381
906388
906390
906396
906399
906400
906401
906405
906408
906409
906415
906418
906420
906425
906427
906429
906436
906439
906441
906443
906446
906448
906451
906453
906457
906458
906460
906461
906469
906474
906475
906476
906478
906481
906482
906484
906492
906495
906497
906502
906506
906509
906510
906511
906512
906514
906517
906518
906520
906521
906522
906523
906524
906525
906526
906623
906628
906633
906636
906638
906644
906647
906649
906653
906660
906666
906679
906683
906685
906694
906695
906705
906707
906710
906714
906715
906716
906722
906725
906726
906730
906731
906734
906736
906738
906744
906775
906780
906781
906785
906807
906810
906829
906830
906840
906848
906849
906857
906859
906862
906865
906868
906879
906882
906883
906890
906917
906924
906939
906951
906958
906967
906979
906980
906984
907000
907001
907002
907003
907013
907020
907022
907028
907037
907045
907055
907087
907094
907097
907101
907104
907105
907114
907115
907116
907117
907118
907119
907130
907134
907135
907136
907137
907138
907139
907140
907141
907142
907144
907145
907146
907147
907148
907149
907150
907151
907155
907159
907162
907163
907164
907166
907168
907170
907176
907177
907178
907179
907191
907202
907203
907204
907205
907207
907208
907209
907210
907212
907213
907214
907219
907233
907256
907259
907263
907264
907270
907275
907276
907278
907283
907284
907286
907287
907291
907297
907298
907300
907306
907308
907312
907313
907315
907316
907321
907322
907324
907326
907329
907330
907331
907339
907341
907344
907346
907350
907357
907365
907366
907369
907370
907371
907372
907374
907379
907382
907386
907387
907389
907390
907393
907394
907395
907396
907399
907403
907404
907410
907411
907413
907415
907416
907418
907419
907422
907425
907426
907428
907430
907436
907437
907438
907439
907440
907442
907443
907444
907446
907453
907454
907457
907461
907462
907463
907469
907478
907480
907485
907488
907490
907492
907493
907495
907497
907498
907499
907500
907501
907503
907504
907505
907507
907508
907511
907512
907513
907514
907519
907537
907538
907550
907560
907562
907587
907590
907626
907655
907660
907663
907664
907672
907674
907675
907685
907687
907690
907696
907699
907702
907704
907710
907711
907712
907717
907721
907739
907742
907748
907749
907754
907756
907757
907765
907773
907790
907806
907815
907818
907872
907873
907877
907879
907880
907881
907882
907883
907888
907890
907899
907903
907904
907908
907909
907913
907916
907917
907940
907941
907948
908014
908015
908017
908018
908020
908021
908024
908025
908027
908028
908029
908030
908031
908032
908033
908034
908035
908036
908038
908039
908041
908043
908044
908045
908046
908049
908050
908051
908052
908054
908055
908056
908060
908062
908063
908066
908067
908068
908069
908071
908072
908073
908074
908075
908076
908077
908078
908080
908082
908084
908088
908091
908092
908225
908229
908235
908237
908239
908241
908242
908243
908244
908248
908250
908255
908256
908263
908267
908276
908280
908281
908285
908292
908323
908325
908338
908344
908359
908367
908374
908377
908379
908380
908381
908384
908386
908388
908393
908394
908395
908396
908397
908399
908400
908412
908413
908414
908415
908424
908425
908426
908427
908428
908429
908430
908432
908435
908437
908438
908529
908530
908557
908611
908615
908649
908661
908669
908672
908700
908707
908708
908715
908725
908735
908736
908777
908857
908899
908915
908960
908965
908968
908982
909054
909086
909100
909101
909112
909120
909127
909151
909199
909201
909252
909258
909265
909271
909278
909281
909301
909325
909328
909336
909338
909348
909356
909357
909361
909369
909375
909389
909408
909418
909466
909469
909483
909506
909509
909515
909523
909553
909555
909559
909566
909575
909601
909606
909622
909626
909630
909638
909641
909663
909677
909678
909690
909691
909702
909712
909716
909729
909736
909745
909753
909771
909796
909797
909824
909843
909852
909866
909869
909884
909893
909894
909895
909903
909916
909933
910046
910056
910058
910059
910060
910064
910070
910080
910083
910086
910088
910089
910090
910091
910092
910095
910105
910106
910112
910120
910126
910130
910132
910134
910139
910142
910145
910146
910149
910155
910158
910167
910171
910180
910181
910182
910183
910204
910205
910207
910208
910213
910226
910239
910243
910256
910258
910263
910270
910271
910275
910277
910286
910287
910290
910295
910299
910302
910304
910309
910310
910312
910314
910317
910321
910323
910329
910336
910337
910338
910342
910345
910346
910347
910348
910350
910351
910352
910353
910354
910356
910360
910364
910368
910379
910380
910382
910384
910385
910386
910388
910389
910391
910394
910404
910407
910408
910410
910411
910416
910421
910422
910425
910426
910427
910428
910430
910431
910434
910435
910437
910438
910439
910440
910441
910448
910451
910453
910454
910456
910457
910458
910460
910461
910462
910463
910464
910465
910466
910470
910471
910473
910474
910476
910478
910481
910489
910558
910708
910725
910767
910913
910958
911051
911053
911081
911140
911143
911187
911352
911359
911360
911362
911363
911367
911387
911760
911763
911764
911765
911790
911792
911795
911799
911817
911823
911825
911829
911830
911833
911836
911840
911841
911842
911844
911847
911848
911851
911853
911854
911855
911860
911865
911866
911867
911868
911870
911872
911873
911884
911893
911904
911910
911912
911915
911918
911921
911925
911926
911928
911930
911939
911941
911942
911944
911945
911946
911947
911948
911954
911955
911956
911958
911967
911968
911970
911977
911979
911980
911983
911984
911985
911989
911991
911992
911993
911995
911996
911998
911999
912001
912019
912021
912027
912039
912040
912045
912046
912048
912049
912051
912056
912057
912059
912060
912061
912062
912066
912070
912071
912072
912074
912094
912103
912105
912106
912112
912116
912118
912121
912133
912147
912187
912189
912201
912207
912231
912275
912288
912296
912317
912322
912556
912589
912606
912648
912698
912731
912754
912838
912856
912876
912877
912880
912889
912892
912905
912908
912909
912943
912946
912950
912951
912960
912974
912990
913003
913009
913029
913037
913042
913043
913077
913082
913105
913115
913148
913153
913161
913185
913205
913213
913222
913232
913236
913239
913244
913248
913267
913269
913275
913290
913307
913382
913385
913388
913391
913397
913398
913412
913414
913448
913455
913485
913502
913504
913506
913510
913514
913520
913523
913538
913540
913546
913552
913556
913558
913559
913565
913575
913578
913584
913666
913751
913758
913818
913826
913840
913872
913873
913880
914053
914068
914099
914178
914214
914279
914333
9144
914573
914624
914652
914727
914755
914865
914866
914876
915003
915057
915143
915199
915213
915290
915306
915311
915357
915430
915464
915468
915479
915522
915528
915551
915567
915589
915603
915655
915686
915752
915839
915861
915923
915956
916030
916034
916035
916045
916057
916092
916094
916111
916114
916126
916169
916193
916194
916195
916231
916253
916292
916444
916495
916566
916600
916664
916741
916843
917214
917234
917312
917353
917380
9175
917552
917590
917593
9176
917633
917642
917684
9177
917737
917759
917788
9178
917821
9179
917943
9180
9181
9182
918270
918287
9183
918326
918474
918724
918884
918896
918977
918998
9190
919053
919067
919080
919113
919142
919175
919192
919211
919212
919251
919263
919265
919276
919299
919315
919338
919363
919377
919682
919705
919713
919716
919719
919735
919739
919751
919764
919776
919779
919786
919793
919804
919806
919809
919820
919826
919830
919833
919834
919838
919844
919870
919884
919893
919897
919899
919908
919917
919929
920010
920024
920051
920084
920089
920111
920160
920184
920235
920239
920241
920243
920244
920246
920247
920248
920250
920251
920252
920280
920286
920288
920297
920304
920326
920349
920363
920364
920365
920366
920369
920372
920375
920376
920377
920388
920389
920392
920393
920394
920400
920409
920411
920413
920417
920418
920419
920422
920423
920440
920448
920463
920493
920502
920508
920525
920528
920544
920549
920551
920555
920556
920560
920562
920563
920566
920572
920576
920577
920580
920583
920585
920586
920588
920589
920591
920594
920598
920599
920604
920607
920608
920610
920613
920614
920617
920620
920622
920625
920627
920629
920630
920634
920637
920638
920639
920642
920644
920651
920652
920691
920715
920718
920736
920751
920756
920780
920787
920811
920813
920816
920823
920826
920835
920836
920837
920840
920841
920842
920843
920844
920845
920846
920847
920855
920858
920859
920862
920864
920865
920866
920867
920868
920873
920878
920891
920896
920900
920904
920908
920918
920941
920952
920967
920979
920981
920985
920987
920989
920991
920992
920995
920996
921000
921005
921015
921016
921017
921019
921020
921023
921024
921030
921031
921034
921036
921041
921045
921047
921049
921051
921052
921056
921057
921058
921060
921062
921063
921065
921066
921068
921070
921071
921078
921079
921080
921081
921082
921084
921086
921090
921091
921096
921097
921100
921104
921105
921114
921120
921123
921124
921132
921134
921135
921136
921137
921138
921140
921143
921171
921172
921183
921185
921237
921245
921247
921248
921250
921252
921255
921256
921257
921258
921259
921261
921263
921266
921268
921270
921271
921274
921275
921276
921280
921283
921285
921287
921288
921290
921291
921293
921294
921295
921298
921299
921301
921304
921308
921312
921313
921316
921320
921321
921322
921325
921326
921327
921328
921329
921330
921333
921334
921335
921337
921338
921342
921345
921347
921350
921351
921353
921356
921360
921365
921372
921380
921384
921385
921429
921471
921481
921498
921499
921500
921502
921503
921504
921505
921507
921508
921510
921511
921512
921515
921519
921520
921522
921526
921528
921529
921530
921531
921532
921541
921543
921545
921546
921547
921551
921552
921555
921557
921559
921560
921570
921572
921575
921580
921583
921585
921587
921588
921590
921594
921597
921604
921607
921608
921609
921610
921611
921615
921616
921620
921623
921628
921631
921633
921640
921646
921647
921649
921654
921658
921668
921675
921723
921729
921748
921749
921752
921753
921754
921755
921756
921757
921758
921759
921760
921764
921765
921766
921767
921768
921769
921773
921775
921777
921778
921783
921785
921792
921797
921800
921802
921805
921808
921810
921812
921813
921814
921815
921821
921827
921828
921831
921835
921837
921843
921853
921854
921855
921856
921859
921864
921865
921869
921873
921877
921880
921882
921884
921889
921896
921901
921903
921905
921915
921920
921921
921945
921946
921957
921958
921959
921961
921963
921965
921967
921970
921986
921987
921990
921992
921993
921994
922000
922001
922012
922017
922022
922031
922034
922036
922042
922080
922083
922103
922105
922106
922107
922110
922112
922114
922116
922119
922121
922123
922125
922128
922131
922133
922135
922136
922142
922143
922147
922148
922149
922152
922154
922156
922158
922160
922161
922162
922166
922168
922170
922182
922183
922187
922190
922191
922194
922196
922197
922199
922201
922203
922205
922208
922212
922215
922219
922220
922222
922225
922226
922228
922230
922231
922236
922242
922248
922251
922252
922255
922258
922260
922262
922263
922265
922266
922269
922270
922273
922274
922294
922297
922332
922349
922352
922356
922363
922379
922380
922382
922389
922391
922393
922396
922398
922402
922407
922408
922409
922410
922411
922413
922415
922420
922421
922423
922424
922426
922432
922434
922438
922440
922449
922450
922451
922456
922462
922466
922468
922470
922472
922479
922482
922486
922490
922491
922501
922504
922510
922513
922514
922516
922520
922526
922528
922529
922530
922532
922534
922540
922546
922557
922608
922655
922659
922661
922664
922667
922668
922669
922671
922673
922675
922678
922682
922684
922685
922687
922694
922696
922698
922701
922705
922707
922710
922715
922717
922726
922728
922730
922731
922735
922738
922739
922740
922743
922752
922754
922757
922762
922766
922769
922771
922800
922801
922813
922827
922831
922861
922863
922865
922868
922871
922891
922894
922895
922897
922899
922900
922901
922906
922912
922916
922922
922924
922933
922943
922945
922951
922960
922972
922996
923000
923003
923004
923007
923009
923015
923028
923029
923032
923038
923041
923051
923053
923057
923059
923061
923067
923074
923080
923081
923083
923088
923097
923103
923105
923110
923119
923131
923133
923143
923144
923148
923150
923158
923165
923169
923327
923329
923330
923331
923333
923334
923335
923336
923338
923342
923345
923346
923348
923351
923353
923355
923358
923360
923362
923365
923368
923370
923371
923374
923376
923380
923386
923391
923394
923397
923399
923401
923406
923409
923410
923416
923417
923419
923424
923428
923434
923437
923440
923442
923445
923448
923450
923452
923453
923455
923457
923458
923460
923464
923467
923468
923472
923474
923478
923482
923485
923490
923491
923497
923498
923500
923501
923503
923505
923507
923509
923511
923514
923516
923520
923522
923525
923530
923532
923541
923547
923549
923550
923558
923559
923560
923563
923566
923569
923570
923627
923668
923768
923769
923775
923807
923838
923839
923846
923879
923952
924042
924053
924067
924176
924177
924190
924229
924286
924288
924291
924311
924339
924399
924401
924403
924419
924425
924429
924434
924435
924437
924439
924440
924441
924447
924451
924452
924453
924456
924457
924458
924459
924460
924461
924467
924468
924474
924478
924479
924481
924482
924486
924492
924493
924512
924514
924516
924517
924518
924521
924522
924525
924528
924530
924531
924581
924664
924673
924675
924707
924718
924722
924828
924843
924844
924851
924964
924965
924974
925011
925018
925022
925024
925027
925030
925034
925040
925043
925046
925053
925055
925061
925066
925067
925088
925094
925098
925117
925121
925131
925140
925150
925155
925159
925170
925178
925189
925197
925200
925207
925210
925215
925218
925225
925229
925246
925265
925266
925270
925280
925290
925292
925296
925300
925306
925309
925311
925315
925316
925319
925324
925327
925335
925345
925351
925357
925361
925365
925371
925375
925380
925384
925390
925392
925406
925408
925410
925414
925433
925434
925441
925446
925453
925460
925471
925474
925476
925479
925486
925487
925489
925495
925498
925500
925501
925505
925507
925515
925520
925528
925529
925534
925537
925541
925548
925555
925564
925570
925571
925579
925582
925589
925590
925606
925611
925612
925615
925618
925619
925620
925629
925631
925633
925641
925645
925647
925648
925652
925653
925655
925656
925663
925668
925669
925672
925678
925686
925694
925700
925707
925710
925711
925715
925717
925722
925727
925729
925730
925731
925733
925735
925736
925738
925740
925746
925835
925844
925845
925846
925852
925855
925866
925870
925871
925897
925928
925931
925932
925946
925989
925995
925996
926069
926198
926206
926262
926420
926473
926476
926504
926521
926576
926588
926639
9267
926749
926750
926751
926753
926754
926756
926758
926769
926772
926774
926775
926822
926823
926904
926905
926906
926907
926908
926909
926910
927236
927256
927350
927381
927407
927412
927437
927459
927472
927477
927519
927562
927575
927792
927967
927996
928007
928008
928077
928123
928141
928177
928262
928344
928346
9284
928473
928475
928495
928496
928497
9285
928506
928521
928522
928523
928533
928560
928564
928583
928591
928593
9286
928611
928629
928657
928658
928719
928729
928735
928742
928782
9288
928802
928811
928814
928824
928827
928832
928835
928837
928839
928841
928842
928843
928846
928847
928849
928851
928853
928854
928857
928858
928859
928861
928862
928865
928868
928874
928876
928877
928879
928880
928881
928882
928884
928903
928904
928911
928912
928922
928923
928924
928926
928933
928934
928940
928941
928943
928944
928945
928946
928951
928953
928955
928959
928966
928967
928968
928971
928972
928973
928976
928977
928978
928979
928980
928983
928984
928985
928986
928987
928993
928994
929001
929002
929004
929006
929012
929013
929015
929018
929019
929022
929026
929027
929028
929031
929033
929034
929035
929036
929038
929039
929040
929041
929043
929044
929045
929047
929048
929051
929054
929055
929060
929061
929062
929063
929064
929065
929066
929067
929070
929071
929072
929073
929076
929078
929079
929080
929087
929088
929090
929092
929097
929098
929099
929102
929103
929104
929105
929106
929108
929110
929111
929112
929119
929120
929123
929125
929126
929127
929130
929131
929132
929136
929137
929138
929139
929140
929141
929143
929145
929146
929147
929149
929150
929152
929153
929154
929155
929157
929158
929159
929160
929161
929164
929166
929167
929169
929170
929171
929172
929174
929175
929176
929177
929179
929180
929182
929184
929185
929186
929187
929188
929189
929191
929192
929193
929194
929196
929197
9292
929205
929206
929207
929208
929209
929212
929213
929214
929217
929218
929220
929221
929222
929224
929225
929226
929227
929230
929232
929240
929242
929246
929247
929251
929253
929254
929255
929257
929259
929260
929261
929262
929263
929264
929266
929267
929268
929269
929271
929272
929274
929275
929276
929277
929279
929280
929282
929286
929288
929292
929293
929294
929296
929297
929299
9293
929301
929302
929304
929306
929311
929316
929318
929329
929335
929340
929351
929352
929354
929356
929357
929358
929363
929365
929366
929368
929369
929370
929372
929373
929379
929381
929385
929386
929394
929396
929399
929401
929402
929405
929406
929409
929411
929412
929418
929422
929423
929425
929428
929429
929437
929442
929443
929445
929451
929454
929459
929460
929461
929462
929463
929464
929465
929470
929474
929476
929477
929478
929480
929481
929485
929486
929490
929491
929492
929498
929499
929501
929502
929504
929509
929513
929514
929516
929517
929518
929522
929523
929525
929530
929536
929537
929539
929540
929541
929542
929543
929551
929553
929554
929558
929566
929569
929571
929575
929578
929579
929580
929583
929592
929599
929604
929605
929607
929609
929610
929611
929612
929614
929615
929620
929621
929624
929627
929631
929636
929639
929640
929646
929647
929649
929651
929655
929656
929660
929661
929662
929669
929670
929671
929672
929673
929674
929675
929678
929680
929683
929684
929686
929688
929689
929690
929693
929694
929698
929700
929701
929702
929704
929705
929710
929711
929717
929718
929719
929720
929721
929722
929723
929725
929726
929727
929731
929743
929744
929746
929758
929762
929763
929767
929770
929771
929773
929778
929783
929786
929787
929798
929799
929803
929808
929824
929829
929834
929839
929842
929845
929846
929847
929850
929851
929853
929856
929861
929862
929863
929864
929868
929869
929870
929872
929876
929877
929879
929881
929883
929884
929885
929890
929895
929896
929898
929899
929901
929902
929905
929907
929910
929923
929931
929944
929945
929950
929951
929961
929967
929968
929970
930017
930019
930021
930022
930097
930109
930150
930161
930169
930176
930177
930197
930199
930205
930208
930220
930233
930234
930240
930248
930249
930255
930256
930259
930266
930269
930272
930277
930280
930282
930287
930288
930291
930298
930299
930303
930304
930308
930309
930310
930312
930313
930318
930320
930332
930337
930341
930349
930360
930406
930428
930429
930431
930432
930436
930440
930446
930449
930451
930454
930461
930466
930470
930475
930488
930502
930504
930507
930509
930511
930519
930520
930522
930528
930530
930532
930537
930538
930544
930545
930548
930553
930559
930563
930576
930581
930604
930605
933952
934063
934069
934084
934180
934365
934366
934383
935097
935497
935506
935587
935746
936027
936097
936757
936758
936912
937486
937605
937608
937609
937625
937628
937634
937639
937640
937642
937643
937645
937667
937668
937670
937699
937701
937717
937718
937720
937739
937746
937747
937748
937749
937859
937867
938068
938076
938083
938107
938142
938184
938246
938247
938248
938364
938509
938647
938664
939353
939360
939373
939700
939762
939850
939852
939855
939926
939929
940088
940142
940143
940144
940145
940146
940147
940148
940149
940150
940255
940256
940262
940263
940264
940266
940267
940268
940269
940280
940291
940301
940320
940321
940327
940333
940340
940371
940380
940398
940402
940404
940405
940406
940407
940408
940409
940410
940412
940413
940414
940415
940416
940417
940418
940419
940420
940421
940422
940423
940424
940425
940426
940427
940428
940429
940430
940431
940432
940433
940434
940435
940436
940437
940438
940439
940440
940441
940442
940444
940445
940446
940447
940448
940449
940450
940451
940452
940453
940454
940455
940456
940457
940458
940459
940460
940461
940462
940463
940465
940466
940467
940468
940469
940470
940471
940472
940473
940474
940475
940476
940477
940478
940479
940480
940481
940482
940484
940485
940486
940487
940488
940489
940490
940491
940492
940493
940494
940495
940496
940497
940498
940499
940500
940501
940502
940503
940504
940505
940506
940507
940508
940509
940510
940511
940512
940513
940514
940516
940517
940518
940519
940520
940521
940522
940523
940524
940525
940527
940546
940547
940548
940549
940550
940551
940552
940553
940554
940555
940556
940557
940558
940559
940560
940561
940562
940563
940564
940565
940566
940567
940568
940569
940570
940573
940574
940575
940576
940589
940590
940591
940592
940593
940594
940595
940596
940597
940598
940599
940600
940601
940602
940604
940605
940606
940607
940608
940609
940610
940611
940612
940613
940614
940615
940616
940617
940618
940620
940621
940622
940623
940624
940625
940626
940627
940628
940629
940630
940631
940632
940633
940634
940635
940636
940637
940638
940639
940640
940641
940642
940643
940644
940645
940646
940647
940648
940649
940650
940653
940657
940724
940726
940727
940728
940730
940731
940732
940733
940736
940737
940739
940740
940741
940742
940744
940746
940749
940751
940753
940754
940755
940757
940758
940760
940763
940764
940770
940772
940777
940778
940781
940783
940784
940786
940788
940789
940790
940791
940793
940794
940798
940799
940802
940805
940806
940808
940812
940814
940816
940818
940819
940822
940823
940824
940825
940826
940827
940828
940829
940830
940831
940832
940833
940834
940835
940837
940839
940840
940844
940850
940867
940874
940876
940879
940880
940881
940882
940883
940886
940887
940890
940891
940892
940895
940922
940976
940977
940984
941001
941003
941005
941020
941023
941040
941041
941042
941046
941064
941073
941078
941144
941145
941146
941147
941148
941149
941150
941151
941154
941159
941160
941162
941170
941171
941172
941173
941174
941175
941176
941177
941178
941179
941180
941181
941183
941190
941191
941192
941193
941194
941196
941197
941199
941200
941201
941204
941205
941208
941213
941214
941215
941216
941217
941218
941219
941221
941222
941223
941224
941226
941228
941229
941230
941231
941238
941240
941243
941245
941246
941250
941252
941253
941254
941255
941256
941257
941258
941259
941260
941292
941295
941297
941298
941299
941304
941305
941307
941308
941309
941312
941316
941318
941319
941320
941321
941322
941323
941324
941325
941326
941327
941329
941330
941333
941335
941336
941337
941338
941342
941343
941344
941345
941346
941347
941348
941349
941350
941352
941353
941357
941358
941361
941363
941364
941365
941366
941367
941368
941369
941373
941376
941377
941379
941382
941384
941386
941387
941388
941391
941393
941398
941399
941400
941401
941404
941411
941415
941426
941427
941428
941429
941431
941493
941502
941503
941504
941505
941513
941514
941516
941518
941519
941520
941522
941523
941524
941525
941529
941531
941532
941536
941538
941541
941543
941548
941550
941551
941552
941562
941563
941566
941567
941569
941571
941572
941573
941574
941580
941581
941582
941583
941584
941587
941591
941592
941596
941604
941605
941608
941609
941611
941616
941617
941618
941619
941622
941628
941629
941640
941641
941643
941644
941646
941649
941651
941652
941655
941659
941660
941662
941663
941664
941666
941668
941669
941670
941671
941682
941702
941713
941715
941718
941725
941726
941727
941732
941754
941770
941779
941784
941785
941787
941796
941797
941798
941803
941828
941848
941849
941850
941854
941855
941862
941863
941865
941866
941867
941868
941871
941872
941874
941875
941876
941878
941880
941881
941882
941887
941889
941892
941895
941898
941899
941903
941905
941915
941917
941924
941925
941926
941927
941928
941930
941931
941933
941935
941936
941937
941940
941941
941946
941947
941948
941950
941952
941954
941955
941956
941958
941959
941960
941961
941966
941968
941969
941970
941971
941979
941980
941985
941987
941990
941991
941992
941993
941994
942001
942005
942025
942028
942030
942032
942033
942034
942035
942036
942038
942053
942059
942131
942132
942133
942134
942135
942143
942144
942149
942168
942179
942180
942224
942233
942241
942243
942244
942245
942248
942264
942279
942282
942286
942289
942297
942298
942300
942304
942317
942428
942441
942453
942454
942483
942484
942485
942486
942487
942488
942489
942490
942491
942492
942494
942516
942517
942519
942521
942522
942524
942525
942674
942675
942676
942677
942680
942682
942955
942970
943028
943044
943071
943093
943101
943159
943411
943458
943460
943538
943550
943553
943555
943556
943558
943560
943562
943564
943574
943582
943612
943622
943624
943631
943633
943641
943650
943680
943681
943683
943685
943693
943699
943700
943701
943702
943703
943704
943705
943707
943708
943709
943710
943711
943712
943713
943714
943715
943716
943717
943718
943719
943720
943722
943723
943724
943725
943726
943727
943728
943729
943730
943731
943732
943733
943734
943735
943736
943737
943738
943739
943740
943741
943742
943743
943744
943745
943746
943747
943748
943749
943750
943751
943752
943753
943754
943755
943756
943757
943758
943759
943760
943761
943762
943763
943764
943765
943766
943767
943768
943769
943770
943771
943772
943773
943774
943776
943777
943778
943779
943780
943781
943782
943783
943784
943785
943786
943787
943788
943789
943790
943791
943792
943793
943794
943795
943796
943797
943798
943799
943800
943801
943802
943803
943804
943805
943806
943807
943808
943809
943810
943811
943812
943813
943814
943815
943816
943817
943818
943819
943820
943821
943822
943823
943824
943825
943826
943827
943828
943829
943830
943831
943832
943833
943834
943835
943836
943837
943838
943839
943840
943841
943842
943843
943844
943845
943846
943847
943848
943849
943850
943851
943852
943853
943854
943855
943856
943857
943858
943859
943860
943861
943862
943863
943864
943865
943866
943867
943868
943869
943870
943871
943872
943873
943874
943875
943876
943877
943878
943879
943880
943881
943882
943883
943884
943885
943886
943887
943888
943889
943890
943891
943892
943893
943894
943895
943896
943897
943898
943899
943900
943901
943902
943903
943904
943905
943906
943907
943908
943909
943910
943911
943912
943913
943914
943915
943916
943917
943918
943919
943920
943921
943922
943923
943925
943926
943927
943928
943929
943930
943931
943932
943933
943934
943935
943936
943937
943938
943939
943940
943941
943942
943943
943944
943945
943946
943947
943948
943949
943950
943951
943952
943953
943954
943955
943956
943957
943958
943959
943960
943961
943962
943963
943964
943965
943966
943967
943969
943970
943971
943972
943973
943974
943975
943976
943977
943978
943979
943980
943981
943982
943983
943984
943985
943986
943987
943988
943989
943990
943991
943992
943993
943994
943995
943996
943997
943998
943999
944000
944001
944002
944003
944004
944005
944006
944007
944008
944009
944010
944011
944012
944013
944014
944015
944016
944017
944018
944019
944020
944021
944022
944023
944024
944025
944026
944027
944028
944029
944030
944031
944032
944033
944034
944035
944036
944037
944038
944039
944040
944041
944042
944043
944044
944045
944046
944047
944048
944049
944050
944051
944052
944053
944054
944055
944056
944057
944058
944059
944060
944061
944062
944064
944066
944067
944068
944069
944070
944071
944072
944073
944074
944075
944076
944077
944078
944079
944080
944081
944082
944083
944084
944085
944086
944087
944088
944089
944090
944091
944092
944093
944094
944095
944096
944097
944098
944099
944100
944101
944102
944103
944104
944105
944106
944107
944108
944109
944110
944111
944112
944113
944114
944115
944116
944117
944118
944119
944120
944121
944122
944123
944124
944125
944126
944127
944128
944129
944130
944131
944132
944133
944134
944135
944136
944137
944138
944139
944140
944141
944142
944143
944144
944145
944146
944147
944149
944150
944151
944152
944153
944154
944155
944156
944157
944158
944159
944160
944161
944162
944163
944164
944165
944166
944167
944168
944169
944170
944171
944172
944173
944174
944175
944176
944177
944178
944179
944180
944181
944182
944183
944184
944185
944186
944187
944188
944189
944190
944191
944193
944194
944195
944196
944197
944198
944199
944200
944201
944202
944203
944204
944205
944206
944207
944208
944209
944210
944211
944212
944213
944214
944216
944217
944218
944219
944220
944221
944222
944223
944225
944226
944227
944228
944229
944230
944231
944232
944233
944234
944235
944236
944237
944238
944239
944240
944241
944242
944243
944244
944245
944246
944247
944248
944249
944250
944251
944252
944253
944254
944255
944256
944257
944259
944260
944261
944262
944263
944264
944265
944266
944267
944268
944269
944270
944271
944272
944273
944274
944275
944276
944277
944278
944279
944280
944281
944282
944283
944284
944286
944287
944288
944289
944290
944291
944292
944293
944294
944295
944296
944297
944298
944299
944300
944301
944302
944303
944304
944305
944306
944307
944308
944309
944310
944311
944312
944313
944314
944315
944316
944317
944318
944319
944320
944321
944322
944323
944325
944326
944327
944328
944329
944330
944331
944332
944333
944334
944335
944336
944337
944338
944339
944340
944341
944342
944343
944345
944346
944347
944348
944349
944350
944351
944352
944353
944354
944355
944356
944357
944358
944360
944361
944362
944363
944364
944365
944366
944367
944368
944370
944371
944372
944373
944374
944375
944376
944377
944378
944379
944381
944382
944383
944384
944385
944386
944387
944388
944389
944390
944391
944392
944393
944394
944395
944396
944397
944398
944399
944400
944401
944402
944403
944404
944405
944406
944407
944408
944409
944410
944411
944412
944413
944414
944415
944416
944417
944418
944419
944420
944421
944422
944425
944426
944427
944428
944429
944430
944441
944462
944478
944480
944481
944482
944483
944484
944485
944486
944487
944488
944489
944490
944491
944492
944493
944494
944495
944496
944497
944498
944499
944500
944501
944502
944503
944504
944505
944506
944507
944508
944509
944510
944511
944512
944513
944514
944515
944516
944517
944518
944519
944520
944521
944522
944523
944524
944525
944526
944527
944528
944529
944530
944531
944532
944533
944534
944535
944536
944537
944538
944539
944540
944541
944542
944543
944544
944545
944546
944547
944549
944550
944551
944552
944553
944554
944555
944556
944557
944558
944559
944560
944561
944562
944563
944564
944565
944566
944567
944568
944569
944570
944571
944573
944574
944575
944576
944577
944578
944579
944580
944581
944582
944583
944584
944585
944586
944587
944588
944589
944590
944591
944592
944593
944594
944595
944596
944597
944598
944599
944600
944602
944603
944604
944605
944606
944607
944608
944609
944610
944611
944612
944613
944614
944615
944616
944617
944618
944619
944620
944621
944622
944623
944624
944625
944626
944627
944628
944629
944630
944631
944632
944633
944634
944635
944636
944637
944638
944639
944640
944642
944643
944645
944646
944647
944648
944649
944650
944651
944652
944653
944654
944656
944657
944658
944659
944662
944663
944664
944665
944666
944667
944668
944669
944670
944672
944673
944674
944675
944676
944677
944678
944679
944680
944681
944682
944683
944684
944685
944686
944688
944690
944691
944692
944693
944694
944695
944696
944699
944700
944701
944702
944703
944704
944705
944706
944707
944709
944710
944711
944712
944713
944714
944715
944716
944717
944718
944720
944721
944723
944727
944734
944736
944738
944757
944762
944764
944773
944775
944777
944778
944779
944781
944784
944787
944788
944811
944845
944847
944853
944865
944871
944874
944876
944884
944886
944892
944896
944899
944906
944911
944913
944914
944918
944919
944920
945004
945014
945045
945067
945071
945076
945077
945078
945079
945082
945083
945084
945085
945086
945095
945096
945098
945099
945101
945112
945257
945261
945262
945264
945265
945266
945267
945268
945269
945270
945271
945272
945278
945279
945285
945286
945291
945296
945312
945317
945318
945321
945322
945323
945329
945332
945857
945875
945876
945877
945878
945879
945881
945882
945884
945886
945888
945891
945893
945894
945895
945897
945898
945899
945903
945920
945923
945935
945941
945950
945952
945954
945955
945956
945962
945976
945977
945980
945981
945982
945992
946007
946008
946028
946046
946050
946051
946053
946177
946180
946182
946188
946210
946213
946454
946470
946472
946474
946493
946752
946920
946923
946926
946927
946931
946932
946933
946935
946936
946938
946939
946940
946943
946944
946946
946949
946952
946953
946955
946965
946966
946967
946969
946973
946974
946984
946985
946987
946993
946994
946996
946997
946999
947001
947002
947004
947013
947021
947022
947027
947028
947031
947033
947039
947050
947056
947061
947076
947077
947082
947083
947084
947087
947089
947094
947105
947107
947117
947118
947122
947130
947139
947140
947142
947149
947153
947156
947159
947160
947166
947167
947173
947176
947266
947282
947286
947293
947302
947312
947322
947325
947350
947371
947373
947376
947379
947416
947425
947428
947434
947443
947451
947467
947480
947491
947512
947519
947554
947573
947590
947592
947614
947629
947632
947636
947642
947670
947680
947762
947764
947766
947767
947792
947794
947796
947798
947806
947835
947858
947859
947860
947861
947863
947864
947866
947869
947870
947872
947878
947880
947881
947884
947886
947889
947913
947915
947942
948046
948048
948053
948054
948056
948057
948079
948084
948093
948095
948097
948099
948100
948113
948114
948119
948129
948161
948164
948166
948167
9482
948404
948816
948823
948826
948829
948831
948841
948842
948845
948849
948854
948862
948863
948868
948873
948875
948878
948880
948881
948883
948886
948889
948891
948897
948899
948904
948905
948907
948910
948911
948914
948915
949026
949033
949034
949035
949037
949038
949041
949045
949050
949054
949055
949056
949061
949062
949063
949069
949072
949074
949079
949082
949084
949087
949088
949090
949091
949094
949095
949100
949102
949104
949106
949111
949112
949113
949115
949116
949118
949121
949128
949130
949140
949141
949143
949147
949149
949150
949151
949156
949157
949158
949161
949162
949166
949168
949171
949172
949173
949175
949176
949180
949181
949193
949197
949198
949199
949204
949205
949206
949208
949212
949213
949214
949215
949220
949223
949226
949229
949232
949234
949238
949239
949240
949242
949245
949247
949253
949255
949257
949258
949259
949263
949264
949273
949275
949281
949282
949284
949285
949286
949287
949288
949348
949363
949371
9504
951505
951506
951507
951538
951544
951545
951547
951550
951551
951554
951556
953588
953589
953590
953591
953592
953593
953615
953616
953617
953619
953620
953621
954022
954024
954156
954200
954271
954274
954275
954276
954278
954281
954282
954285
954287
954291
954292
954293
954294
954296
954297
954298
954299
954302
954304
954305
954306
954307
954308
954310
954311
954312
954313
954315
954316
954317
954320
954323
954324
954329
954330
954333
954334
954335
954339
954340
954341
954354
954355
954356
954357
954358
954360
954368
954372
954374
954375
954381
954392
954393
954394
954395
954396
954397
954411
954412
954416
954417
954421
954423
954424
954425
954754
954757
954759
954761
954763
954764
954765
954773
954782
954784
954785
954792
954793
954794
954795
954802
954803
954804
954807
954809
954813
954817
954819
954825
954826
954827
954831
954832
954833
954836
954837
954845
954847
954848
954866
954874
954877
954880
954882
954883
954886
954887
954889
954891
954892
954893
954896
954897
954898
954899
954900
954902
954903
954904
954907
954912
954914
954918
954919
954920
954922
954923
954924
954926
954930
954933
954937
954940
954946
954952
954955
954959
954961
954969
954972
954981
954982
954986
954987
954991
954994
954999
955001
955006
955007
955009
955015
955018
955019
955021
955024
955027
955034
955038
955045
955048
955049
955050
955051
955060
955061
955067
955068
955070
955071
955072
955073
955074
955075
955076
955077
955078
955081
955082
955085
955086
955089
955090
955091
955094
955096
955098
955100
955101
955104
955110
955122
955125
955127
955128
955136
955137
955139
955142
955143
955145
955147
955149
955150
955155
955156
955166
955168
955174
955175
955180
955182
955186
955187
955188
955190
955191
955199
955202
955206
955208
955209
955214
955218
955221
955222
955223
955225
955228
955231
955233
955237
955238
955239
955240
955241
955242
955243
955245
955249
955254
955255
955256
955259
955263
955264
955267
955268
955271
955273
955274
955277
955278
955281
955282
955284
955288
955289
955290
955291
955293
955295
955296
955297
955303
955304
955876
955877
955934
955937
955941
955948
955960
955965
955976
955982
955983
956021
956024
956025
956026
956037
956049
956050
956075
956080
956082
956084
956085
956086
956087
956091
956093
956094
956125
956126
956128
956130
956132
956133
956135
956136
956137
956138
956141
956143
956146
956161
956189
956190
956191
956193
956194
956195
956196
956198
956199
956200
956201
956203
956204
956205
956206
956207
956208
956217
956218
956219
956221
956223
956224
956239
956304
956333
956341
956343
956345
956346
956347
956357
956387
956414
956417
956418
956421
956423
956426
956430
956432
956436
956438
956439
956448
956449
956453
956455
956458
956462
956463
956467
956469
956471
956472
956499
956502
956504
956506
956508
956510
956511
956515
956516
956517
956519
956520
956523
956527
956528
956531
956532
956533
956534
956536
956537
956538
956539
956540
956542
956544
956546
956549
956551
956552
956553
956556
956557
956559
956560
956561
956568
956586
956591
956599
956603
956605
956607
956609
956610
956614
956620
956621
956636
956639
956641
956643
956645
956646
956654
956664
956675
956683
956686
956701
956703
956704
956705
956707
956708
956710
956711
956713
956714
956717
956718
956719
956720
956721
956722
956723
956743
956744
956745
956746
956748
956749
956752
956753
956754
956755
956757
956758
956759
956760
956761
956763
956765
956767
956777
956795
956796
956806
956807
956808
956872
956874
956918
956935
956963
956984
957066
957384
957386
957620
957622
957625
957629
957630
957631
957632
957633
957635
958140
958141
958142
958143
958144
958145
958321
958324
958326
958379
958380
958383
958424
958429
958430
958431
958437
958438
958442
958443
958444
958445
958446
958448
958450
958451
958452
958453
958454
958455
958458
958462
958463
958464
958467
958484
958486
958488
958490
958493
958494
958496
958498
958500
958507
958508
958511
958512
958519
958520
958525
958530
958531
958532
958533
958534
958537
958541
958543
958545
958547
958549
958550
958551
958552
958553
958554
958557
958559
958568
958569
958571
958572
958574
958575
958576
958579
958594
958605
958607
958608
958613
958617
958618
958620
958625
958628
958629
958631
958637
958638
958640
958642
958644
958647
958649
958653
958660
958661
958662
958663
958664
958665
958666
958668
958670
958671
958675
958676
958678
958679
958680
958682
958684
958685
958686
958690
958692
958699
958701
958702
958703
958961
959055
959058
959062
959067
959076
959080
959083
959133
959156
959193
959196
959218
959219
959273
959275
959322
959520
959521
959522
959523
959597
959598
959599
959600
959601
959602
959604
959605
959606
959607
959608
959609
959610
959611
959613
959614
959615
959616
959617
959618
959619
959620
959621
959624
959625
959626
959759
959761
959763
959766
959768
959769
959951
959952
959991
960035
960045
960046
960049
960050
960058
960059
960068
960102
960108
960110
960297
960302
960398
960399
960400
960404
960405
960407
960408
960409
960410
960412
960414
960415
960416
960417
960418
960419
960422
960425
960428
960431
960434
960437
960444
960446
960449
960451
960453
960455
960456
960463
960464
960468
960472
960481
960487
960494
960503
960514
960516
960517
960521
960523
960524
960525
960526
960534
960537
960552
960554
960555
960557
960559
960563
960564
960565
960568
960573
960574
960576
960579
960583
960584
960586
960588
960589
960933
960943
961220
961221
961222
961225
961228
961229
961938
962101
962189
962227
962228
962241
962243
962252
962254
962256
962257
962258
962262
962264
962271
962272
962278
962279
962282
962283
962290
962291
962297
962299
962300
962301
962302
962303
962314
962319
962327
962333
962334
962347
962348
962351
962352
962353
962356
962377
962378
962380
962383
962385
962398
962404
962406
962408
962414
962418
962420
962422
962423
962432
962434
962435
962442
962443
962444
962445
962537
962608
962649
962821
962823
962825
962828
962830
962834
962845
962858
962864
962865
962868
962880
963192
963194
963206
963207
963211
963213
963214
963228
963248
963251
963343
963347
963349
963350
963352
963356
963357
963359
963403
963406
963410
963428
963432
963450
963460
963464
963467
963468
963490
963515
963517
963527
963529
963530
963532
963540
963542
963545
963546
963547
963565
963566
963572
963573
963576
963578
963579
963580
963581
963582
963585
963590
963591
963592
963593
963594
963595
963596
963598
963602
963604
963606
963607
963608
963609
963610
963611
963616
963617
963618
963621
963622
963623
963626
963628
963629
963630
963631
963634
963638
963642
963643
963647
963652
963659
963664
963669
963671
963673
963686
963694
963699
963703
963705
963706
963710
963711
963712
963720
963724
963726
963729
963731
963733
963735
963740
963745
963746
963748
963750
963751
963754
963755
963756
963761
963762
963764
963767
963768
963770
963771
963778
963781
963782
963783
963785
963788
963789
963792
963793
963796
963798
963799
963800
963809
963810
963814
963815
963817
963818
963836
963837
963839
963840
963842
963847
963850
963852
963854
963859
963860
963862
963863
963866
963868
963869
963870
963871
963873
963876
963877
963878
963880
963881
963888
963890
963891
963896
963898
963910
963915
963916
963935
963936
963940
963947
963951
963952
963956
963964
963965
963966
963969
963970
963972
963975
963978
963982
963983
963985
963988
963993
963999
964005
964013
964014
964015
964016
964018
964019
964025
964041
964050
964052
964063
964065
964073
964074
964080
964081
964087
964090
964099
964100
964101
964108
964109
964116
964127
964128
964130
964131
964132
964134
964142
964143
964147
964152
964155
964158
964159
964163
964167
964173
964175
964176
964179
964180
964184
964185
964187
964188
964189
964191
964197
964198
964200
964201
964202
964214
964222
964230
964237
964246
964247
964248
964249
964251
964253
964257
964268
964277
964282
964289
964295
964307
964310
964314
964318
964331
964336
964338
964344
964350
964361
964377
964378
964380
964384
964385
964386
964389
964391
964392
964394
964398
964405
964415
964421
964423
964433
964436
964440
964444
964445
964449
964462
964467
964468
964470
964472
964473
964477
964481
964488
964492
964494
964496
964497
964503
964504
964505
964506
964510
964514
964515
964516
964518
964519
964520
964524
964528
964534
964535
964546
964560
964563
964568
964592
964598
964599
964606
964607
964619
964620
964621
964623
964628
964637
964638
964641
964642
964644
964647
964652
964653
964655
964658
964659
964660
964662
964669
964674
964676
964679
964680
964683
964684
964685
964686
964689
964690
964695
964696
964698
964708
964710
964712
964714
964721
964726
964727
964728
964732
964735
964737
964743
964745
964752
964755
964760
964764
964765
964767
964774
964776
964788
964793
964794
964798
964809
964820
964825
964835
964842
964843
964844
964847
964848
964850
964853
964858
964862
964864
964866
964869
964872
964875
964881
964886
964887
964888
964889
964891
964897
964904
964907
964908
964911
964912
964913
964917
964919
964921
964923
964924
964925
964928
964929
964931
964937
964938
964940
964948
964949
964950
964953
964954
964955
964956
964957
964958
964960
964962
964963
964966
964968
964970
964973
964976
964977
964979
964983
964988
964991
964994
965014
965015
965021
965024
965039
965042
965043
965048
965049
965050
965051
965056
965058
965059
965062
965063
965064
965067
965069
965076
965078
965079
965086
965088
965089
965090
965095
965099
965100
965102
965104
965105
965106
965108
965114
965115
965116
965122
965125
965126
965127
965129
965130
965131
965132
965133
965134
965136
965139
965144
965154
965156
965158
965159
965160
965161
965166
965167
965168
965170
965175
965176
965181
965185
965189
965190
965191
965198
965206
965207
965208
965213
965214
965215
965227
965228
965236
965238
965245
965247
965248
965252
965253
965255
965257
965260
965270
965275
965277
965281
965282
965287
965290
965294
965295
965298
965301
965304
965308
965313
965315
965318
965320
965322
965324
965327
965328
965339
965340
965341
965343
965345
965347
965348
965351
965354
965355
965358
965359
965360
965362
965363
965367
965368
965369
965373
965374
965376
965380
965381
965382
965384
965385
965387
965388
965390
965391
965393
965395
965402
965403
965406
965408
965409
965410
965411
965412
965413
965414
965418
965420
965422
965426
965430
965431
965445
965449
965451
965453
965463
965464
965465
965468
965470
965471
965472
965473
965475
965476
965477
965478
965488
965491
965493
965495
965502
965506
965508
965509
965510
965516
965521
965522
965525
965527
965529
965532
965534
965536
965543
965544
965546
965549
965552
965556
965561
965562
965563
965564
965565
965570
965573
965574
965580
965582
965585
965587
965588
965589
965591
965592
965594
965601
965602
965605
965608
965609
965612
965615
965619
965620
965621
965622
965630
965633
965634
965636
965637
965640
965645
965646
965648
965656
965658
965660
965661
965663
965668
965671
965672
965675
965676
965682
965683
965686
965687
965689
965692
965699
965700
965701
965704
965709
965710
965712
965716
965717
965718
965720
965721
965723
965727
965728
965730
965733
965734
965736
965737
965738
965739
965740
965742
965743
965745
965749
965752
965759
965761
965772
965773
965775
965783
965784
965788
965789
965790
965791
965795
965798
965809
965811
965816
965822
965826
965829
965836
965837
965839
965841
965844
965854
965855
965856
965859
965861
965864
965868
965869
965870
965871
965873
965874
965875
965876
965879
965880
965881
965883
965885
965889
965891
965892
965893
965894
965895
965896
965897
965900
965902
965903
965907
965909
965911
965915
965916
965917
965919
965920
965921
965926
965927
965928
965931
965935
965936
965939
965940
965941
965943
965945
965946
965948
965950
965953
965955
965956
965958
965959
965962
965963
965964
965968
965974
965975
965977
965978
965983
965989
965991
965995
965996
965999
966003
966005
966006
966008
966017
966018
966019
966020
966022
966025
966030
966031
966034
966035
966039
966043
966045
966050
966052
966054
966055
966058
966059
966060
966066
966067
966071
966072
966073
966074
966081
966082
966083
966086
966087
966089
966090
966091
966092
966094
966095
966096
966097
966098
966100
966105
966106
966107
966109
966113
966118
966122
966123
966127
966130
966131
966136
966137
966146
966148
966152
966153
966155
966157
966158
966162
966164
966175
966176
966179
966181
966182
966186
966189
966191
966194
966195
966196
966197
966198
966202
966204
966206
966207
966208
966209
966210
966212
966214
966221
966224
966226
966227
966228
966232
966234
966236
966238
966240
966241
966242
966243
966244
966245
966246
966248
966250
966252
966253
966255
966256
966261
966262
966263
966270
966273
966274
966281
966282
966286
966288
966290
966293
966301
966303
966305
966306
966307
966313
966314
966316
966318
966319
966321
966322
966327
966328
966330
966332
966334
966335
966337
966338
966345
966350
966352
966353
966355
966356
966357
966363
966415
966416
966420
966421
966422
966451
966492
966515
966549
966562
966587
966590
966602
966603
966609
966665
966669
966670
966671
966675
966677
966701
966704
966706
966707
966713
966714
966715
966718
966749
966775
966781
966782
966882
966954
966960
966962
966963
966964
966965
967024
967035
967036
967112
967171
967172
967173
967174
967175
967201
967204
967608
967612
967696
967812
967890
967901
967903
967904
967905
967906
967907
967908
967909
967910
967911
967912
967913
967914
968622
968623
968627
968628
968653
968654
968668
968669
968700
968701
968703
968704
968708
968709
968710
968711
968712
968713
968714
968715
968716
968717
968718
968719
968720
968722
968723
968813
968823
968824
968825
968826
968827
968828
968830
968832
968836
968838
968841
968842
968844
968846
968848
968852
968853
968855
968856
968869
968904
968930
968946
968950
968966
968993
968994
969000
969001
969004
969007
969010
969015
969016
969017
969018
969019
969221
969311
969317
969344
969345
969347
969349
969351
969352
969354
969379
969404
969413
969415
969449
969451
969454
969461
969464
969468
969474
969477
969480
969486
969489
969490
969495
969515
969523
969524
969526
969535
969536
969542
969546
969552
969558
969560
969568
969572
969578
969582
969584
969589
969598
969601
969602
969603
969607
969610
969616
969617
969618
969631
969641
969644
969661
969665
969666
969668
969669
969670
969679
969681
969683
969692
969693
969694
969695
969704
969708
969709
969717
969721
969723
969726
969728
969731
969745
969749
969755
969757
969763
969775
969777
969784
969795
969812
969820
969827
969864
969870
969883
969886
969891
969900
969906
969912
969925
969949
969960
969994
970014
970036
970043
970049
970050
970052
970054
970059
970477
970479
970480
970481
970482
970483
970574
970580
970582
970584
970585
970590
970592
970600
970601
970602
970605
970606
970607
970609
970610
970611
970613
970614
971006
973338
973364
973482
973718
973766
973767
973771
973773
973775
973778
973781
973782
973784
973786
973788
973794
973795
973796
973797
973798
973799
973800
973801
973802
973803
973804
973805
973806
973807
973808
973809
973810
973811
974462
974482
974546
974690
974693
974695
974697
975291
975439
975446
975569
975576
975577
9758
976327
976328
976330
976333
976335
976337
976338
976341
976343
976345
976346
976389
976390
976391
976393
976394
976398
976399
976414
976419
976420
976421
976422
976424
976425
976430
976433
976435
976436
976438
976444
976454
976460
976471
976478
976479
976480
976481
976484
976485
976486
976487
976490
976496
976500
976502
976503
976504
976522
976530
976537
976538
976539
976541
976542
976543
976545
976553
976569
976625
976664
976717
976723
976730
976731
976732
976733
976734
976735
976736
976743
976744
976745
976746
976749
976754
976757
976759
976760
976761
976762
976764
976765
976766
976768
976770
976771
976772
976776
976779
976783
976784
976785
976786
976787
976788
976789
976794
976795
976796
976797
976798
976799
976805
976806
976807
976808
976812
976814
976815
976823
976825
976827
976828
976829
976831
976832
976833
976835
976836
976838
976839
976840
976865
976913
976972
976973
976974
976986
976987
976988
976989
976990
976993
976994
976996
976997
976999
977000
977002
977003
977063
977065
977066
977067
977068
977069
977070
977135
977147
977189
977190
977192
977195
977196
977231
977237
977238
977315
977316
977317
977318
977320
977321
977322
977323
977333
977338
977343
977349
977350
977424
977425
977426
977427
977428
977429
977430
977431
977432
977433
977434
977436
977438
977440
977441
977443
977445
977446
977447
977448
977450
977451
977453
977454
977455
977456
977458
977463
977465
977467
977468
977469
977470
977471
977472
977473
977475
977476
977478
977480
977481
977483
977484
977485
977486
977487
977488
977489
977490
977491
977492
977493
977494
977495
977497
977498
977499
977500
977502
977503
977504
977505
977506
977507
977508
977509
977510
977511
977514
977517
977518
977520
977522
977524
977526
977527
977528
977536
977538
977540
977541
977542
977545
977548
977549
977550
977551
977552
977553
977554
977555
977556
977557
977560
977564
977565
977566
977569
977570
977571
977572
977573
977574
977575
977576
977578
977581
977582
977583
977586
977601
977602
977603
977604
977605
977606
977607
977617
977619
977623
977624
977625
977626
977627
977628
977630
977631
977632
977633
977652
977739
977768
977770
977771
977774
977775
977776
977778
977779
977780
977781
977782
977784
977785
977786
977787
977789
977790
977791
977792
977793
977794
977795
977796
977798
977800
977801
977802
977805
977807
977808
977809
977811
977813
977816
977817
977819
977820
977822
977823
977827
977828
977830
977831
977833
977834
977835
977836
977837
977838
977839
977840
977841
977843
977844
977846
977847
977848
977915
977916
977931
977948
977967
977973
977975
977977
977981
977984
977985
978013
978015
978016
978017
978018
978020
978021
978022
978023
978024
978026
978027
978028
978029
978030
978031
978033
978035
978037
978038
978040
978042
978044
978045
978046
978048
978050
978052
978053
978054
978055
978057
978058
978060
978062
978063
978065
978066
978067
978068
978070
978072
978073
978074
978075
978077
978079
978080
978081
978082
978083
978084
978160
978163
978165
978167
978169
978171
978173
978175
978176
978182
978184
978188
978189
978197
978204
978219
978225
978229
978236
978245
978338
978339
978341
978342
978370
978386
978389
978401
978409
978410
978414
978416
978417
978418
978420
978421
978422
978423
978443
978454
978522
978526
978529
978555
978556
978557
978558
978566
978567
978571
978588
978742
978797
978799
978832
978834
978853
978881
978882
978906
978915
978917
978919
978920
978925
978931
978941
978943
978960
978966
978967
978968
978976
978978
978979
978980
978981
978984
978985
978988
978989
978990
978998
979001
979019
979041
979054
979058
979074
979075
979080
979084
979091
979093
979127
979130
979146
979153
979159
979162
979166
979191
979193
979203
979205
979207
979215
979217
979218
979219
979220
979222
979249
979261
979262
979303
979308
979310
979311
979312
979313
979314
979315
979316
979317
979318
979319
979320
979321
979322
979323
979324
979325
979326
979327
979328
979329
979330
979331
979332
979333
979334
979335
979336
979337
979338
979339
979340
979341
979342
979343
979344
979345
979346
979347
979348
979349
979350
979351
979353
979354
979355
979356
979357
979358
979359
979360
979398
979405
979422
979424
979425
979426
979427
979428
979430
979431
979474
979495
979502
979503
979504
979505
979506
979507
979510
979522
979523
979524
979554
979557
979623
979629
979632
979658
979660
979670
979671
979674
979675
979676
979677
979678
979682
979685
979688
979689
979690
979691
979692
979697
979698
979699
979700
979701
979702
979705
979706
979707
979708
979709
979724
979735
979737
979740
979741
979753
979754
979810
979858
979860
979867
979870
979898
979929
979932
979933
979952
979953
979954
979957
979958
979959
979960
979965
979966
979967
979969
979970
979971
979972
979973
979974
979976
979977
979978
979979
979980
980031
980032
980055
980064
980070
980072
980075
980090
980092
980117
980139
980160
980167
980175
980177
980187
980201
980208
980210
980220
980227
980233
980243
980244
980245
980265
980290
980292
980432
980458
980714
982674
988012
988224
988250
988251
988255
988325
988361
988440
988490
988491
988492
988494
988495
988496
988497
988499
988500
988501
988502
988503
988504
988505
988506
988507
9894
989784
990024
990068
991937
992467
992475
992477
992484
992487
992490
992492
992493
992496
992497
992498
992500
992501
992507
992515
992517
992518
992519
992520
992521
992522
992523
992524
992525
992527
992530
992531
992533
992539
992797
993087
993089
993206
993207
993241
993243
993247
993250
993273
993277
993280
993281
993282
993284
993289
993299
993301
993302
993303
993304
993310
996523
996526
996531
996535
996543
996544
996545
996572
996573
996574
996575
996678
996813
996817
996821
996822
996823
996825
996826
996827
996828
996830
996831
996833
996834
996835
996836
996837
996838
996840
996843
996846
996847
996914
996917
996918
996919
996920
996921
996922
996923
996924
996925
996926
996927
996928
996929
996930
996931
996932
996933
996934
996935
996936
996937
996938
996940
996941
996942
996943
996944
996945
996974
996988
997021
997023
997024
997025
997026
997261
997268
997269
997273
997285
997287
997296
997300
997302
997308
997310
997318
997321
997330
997334
997341
997342
997345
997353
997900
9982
9983
9984
998644
9987
9988
9991
999131
999157
999161
999175
999181
999332
999529
999617
999618
999700
999718
999744
999767
999768
999854
